1 C2 0.14983718 0.40882364
2 C2 0.15584123 0.32820335
3 C2 0.12472798 0.33424783
4 C2 0.14337301 0.33726287
5 C2 0.12523888 0.3674328
6 C2 0.12859663 0.35479718
7 C2 0.14679311 0.4247161
8 C2 0.11878663 0.41582137
9 C2 0.11947732 0.37893254
10 C2 0.150285 0.3451082
11 C2 0.14532812 0.41337448
12 C2 0.13093157 0.3933528
13 C2 0.11809324 0.33413592
14 C2 0.12628411 0.52660483
15 C2 0.1285728 0.40157098
16 C2 0.14656045 0.3771391
17 C2 0.14318433 0.38806874
18 C2 0.13542014 0.42691976
19 C2 0.14105657 0.41495743
20 C2 0.15390603 0.37249646
21 C2 0.13388321 0.43267766
22 C2 0.14863732 0.37289518
23 C2 0.12184942 0.38812357
24 C2 0.11703668 0.4873523
25 C2 0.13432947 0.3481115
26 C2 0.13421491 0.40350184
27 C2 0.12738964 0.37310353
28 C2 0.1351037 0.28311473
29 C2 0.12437503 0.36585408
30 C2 0.14811486 0.46862397
31 C2 0.11625735 0.3933245
32 C2 0.15249775 0.3745848
33 C2 0.12932064 0.38616472
34 C2 0.104476586 0.5367628
35 C2 0.16025022 0.3964141
36 C2 0.15454097 0.31020018
37 C2 0.114981756 0.41723198
38 C2 0.13502033 0.42727003
39 C2 0.1501621 0.32594857
40 C2 0.10931703 0.35621014
41 C2 0.14776184 0.30175537
42 C2 0.14916316 0.43610024
43 C2 0.1425506 0.35942405
44 C2 0.11494539 0.4882497
45 C2 0.13336988 0.36610088
46 C2 0.12919632 0.42969996
47 C2 0.11359955 0.4550816
48 C2 0.124230824 0.41458505
49 C2 0.13239095 0.35633916
50 C2 0.13344619 0.4316576
51 C2 0.13915457 0.4273817
52 C2 0.116597794 0.4393374
53 C2 0.122434214 0.44680777
54 C2 0.14185888 0.47072425
55 C2 0.15525094 0.40999842
56 C2 0.13856354 0.43833846
57 C2 0.13023534 0.42893726
58 C2 0.11370212 0.5036428
59 C2 0.12383628 0.41460466
60 C2 0.12891474 0.5415009
61 C2 0.14017244 0.43904978
62 C2 0.1458269 0.4543918
63 C2 0.1442314 0.41049233
64 C2 0.14110914 0.39651948
65 C2 0.12781379 0.4939271
66 C2 0.13027658 0.3954144
67 C2 0.12140844 0.36759236
68 C2 0.13383624 0.4854401
69 C2 0.14153053 0.5106058
70 C2 0.12667961 0.4302875
71 C2 0.12954476 0.4093438
72 C2 0.14937553 0.34315747
73 C2 0.12051624 0.33987373
74 C2 0.14472768 0.47506303
75 C2 0.13151619 0.4923225
76 C2 0.12773858 0.30151695
77 C2 0.12763782 0.4420298
78 C2 0.13570195 0.42185172
79 C2 0.12058059 0.4093992
80 C2 0.12690467 0.46756062
81 C2 0.13490385 0.43505663
82 C2 0.13283907 0.39899907
83 C2 0.1385275 0.3610253
84 C2 0.14367175 0.48214865
85 C2 0.12829612 0.46685916
86 C2 0.12143179 0.4962129
87 C2 0.15462878 0.46878782
88 C2 0.123200215 0.54892105
89 C2 0.13587633 0.47425193
90 C2 0.14888005 0.4032982
91 C2 0.14112322 0.5358061
92 C2 0.15136841 0.40632954
93 C2 0.13097547 0.42481583
94 C2 0.13411845 0.43908063
95 C2 0.12405626 0.48036152
96 C2 0.14238794 0.44339585
97 C2 0.13474897 0.4796957
98 C2 0.10987751 0.5399765
99 C2 0.14060538 0.54819673
100 C2 0.13935247 0.3293786
