1 C4 0.1311987 0.5432476
2 C4 0.14718546 0.33124495
3 C4 0.14207335 0.3910678
4 C4 0.11991044 0.41508785
5 C4 0.15250276 0.35686088
6 C4 0.115270235 0.30359071
7 C4 0.123763345 0.38071364
8 C4 0.141507 0.31733274
9 C4 0.11277287 0.45089382
10 C4 0.13307802 0.4113266
11 C4 0.14105219 0.39414075
12 C4 0.13600333 0.45776415
13 C4 0.13023642 0.4159201
14 C4 0.13979518 0.4251759
15 C4 0.13995717 0.38461226
16 C4 0.14303288 0.32380494
17 C4 0.15007009 0.33964655
18 C4 0.12713116 0.42679223
19 C4 0.1466367 0.44773537
20 C4 0.13281114 0.2623545
21 C4 0.14111201 0.4049086
22 C4 0.13297747 0.43629637
23 C4 0.12461282 0.35590684
24 C4 0.14217573 0.3989343
25 C4 0.15579206 0.35648543
26 C4 0.14432326 0.4272422
27 C4 0.14224534 0.39816028
28 C4 0.11615412 0.40469217
29 C4 0.13869801 0.33586884
30 C4 0.12534079 0.4538091
31 C4 0.12867224 0.46282855
32 C4 0.14360657 0.34465873
33 C4 0.14001921 0.4310484
34 C4 0.13487646 0.36365023
35 C4 0.14112487 0.38334268
36 C4 0.12765893 0.37763152
37 C4 0.1480869 0.32405975
38 C4 0.1326945 0.43250108
39 C4 0.12456063 0.40783462
40 C4 0.1483483 0.5094989
41 C4 0.13166675 0.49238557
42 C4 0.15189178 0.40243858
43 C4 0.117615685 0.35944122
44 C4 0.13795382 0.46494237
45 C4 0.11560426 0.3844365
46 C4 0.12909324 0.372787
47 C4 0.1442315 0.3894057
48 C4 0.13376527 0.29280573
49 C4 0.12972184 0.43035436
50 C4 0.8854557 0.97115403
51 C4 0.8685012 0.97957945
52 C4 0.86183107 0.9695463
53 C4 0.88024217 0.9661105
54 C4 0.8682745 0.97145903
55 C4 0.85507333 0.9741975
56 C4 0.8700026 0.9807954
57 C4 0.8754703 0.9719432
58 C4 0.861845 0.9682175
59 C4 0.86579114 0.9762521
60 C4 0.8680774 0.9601579
61 C4 0.8669585 0.968064
62 C4 0.8506459 0.94641286
63 C4 0.8506335 0.95835245
64 C4 0.8498473 0.95592546
65 C4 0.8577212 0.96149
66 C4 0.8596088 0.9718156
67 C4 0.86521065 0.9803416
68 C4 0.8528975 0.95898515
69 C4 0.89172065 0.98118484
70 C4 0.8659357 0.9613245
71 C4 0.8565052 0.9562915
72 C4 0.8499265 0.95606166
73 C4 0.85867053 0.9434012
74 C4 0.8539198 0.96435165
75 C4 0.8804611 0.9643463
76 C4 0.8737941 0.9740461
77 C4 0.8718858 0.97561586
78 C4 0.8839738 0.9705652
79 C4 0.8677139 0.96307117
80 C4 0.8698732 0.9573401
81 C4 0.8570774 0.9700999
82 C4 0.85181934 0.96371114
83 C4 0.87284076 0.9671065
84 C4 0.86189806 0.97048855
85 C4 0.8896011 0.9704243
86 C4 0.84138614 0.96191084
87 C4 0.8574394 0.9451362
88 C4 0.8710515 0.9662924
89 C4 0.86962473 0.9594741
90 C4 0.8701599 0.9599244
91 C4 0.85847664 0.9517109
92 C4 0.8514911 0.95747423
93 C4 0.8485115 0.96680963
94 C4 0.86754197 0.9498164
95 C4 0.8752987 0.9679077
96 C4 0.8622341 0.9505364
97 C4 0.8731756 0.95297706
98 C4 0.87943697 0.98083174
99 C4 0.8527449 0.96758544
100 C4 0.871534 0.97312224
