1 C1 0.8803425 0.9695977
2 C1 0.8436941 0.9805808
3 C1 0.8532461 0.97044927
4 C1 0.8768713 0.97033674
5 C1 0.8695955 0.9806299
6 C1 0.85901165 0.9651896
7 C1 0.8598565 0.96738255
8 C1 0.8789524 0.9715644
9 C1 0.874664 0.9675166
10 C1 0.859064 0.9714278
11 C1 0.87007177 0.9744169
12 C1 0.85968244 0.9666114
13 C1 0.8505864 0.9794793
14 C1 0.854815 0.978686
15 C1 0.8739686 0.9817422
16 C1 0.8718664 0.97577417
17 C1 0.8808686 0.9770347
18 C1 0.89240754 0.9756603
19 C1 0.8633978 0.97513837
20 C1 0.85267466 0.97526443
21 C1 0.86045206 0.96709216
22 C1 0.86192524 0.9773568
23 C1 0.8671319 0.9819331
24 C1 0.86726 0.97115785
25 C1 0.8682068 0.9742446
26 C1 0.8469206 0.96343535
27 C1 0.8480905 0.97177327
28 C1 0.8899704 0.97294647
29 C1 0.8778877 0.9709255
30 C1 0.8604717 0.97744405
31 C1 0.8593513 0.95199233
32 C1 0.8682704 0.9661441
33 C1 0.863376 0.97548354
34 C1 0.84684736 0.9556178
35 C1 0.87754107 0.97845745
36 C1 0.86038876 0.9655487
37 C1 0.84305906 0.9759432
38 C1 0.86342317 0.9721736
39 C1 0.86404306 0.9781914
40 C1 0.8695366 0.9717592
41 C1 0.86221284 0.95104474
42 C1 0.8772194 0.97069407
43 C1 0.8613657 0.9712839
44 C1 0.8591472 0.98340225
45 C1 0.8808149 0.9710187
46 C1 0.85591567 0.98041666
47 C1 0.84764737 0.95982474
48 C1 0.85220516 0.97040665
49 C1 0.8868638 0.9790203
50 C1 0.88549024 0.9802736
51 C1 0.8724184 0.9788289
52 C1 0.8836173 0.96840113
53 C1 0.85747766 0.96655875
54 C1 0.84146833 0.90342605
55 C1 0.84597695 0.97247565
56 C1 0.8656291 0.9629223
57 C1 0.8847287 0.9789689
58 C1 0.85796183 0.9616884
59 C1 0.86838895 0.962464
60 C1 0.8590058 0.9645589
61 C1 0.8611988 0.97703135
62 C1 0.8688014 0.96156776
63 C1 0.8570546 0.9677782
64 C1 0.85700864 0.9653164
65 C1 0.87052745 0.97448933
66 C1 0.8623226 0.9560833
67 C1 0.885972 0.95911074
68 C1 0.88352096 0.97127664
69 C1 0.8549284 0.95565337
70 C1 0.86949027 0.96341383
71 C1 0.8769604 0.96741855
72 C1 0.8628974 0.9699644
73 C1 0.8622652 0.9571495
74 C1 0.87536323 0.9715371
75 C1 0.85250217 0.9517026
76 C1 0.86560595 0.9675614
77 C1 0.86955774 0.9768491
78 C1 0.85697955 0.9552576
79 C1 0.8676575 0.9663994
80 C1 0.85122937 0.96580887
81 C1 0.8745758 0.957596
82 C1 0.85818493 0.94589823
83 C1 0.8664258 0.9623186
84 C1 0.8759955 0.97176534
85 C1 0.8613737 0.9596981
86 C1 0.85640687 0.97230446
87 C1 0.8617824 0.95220244
88 C1 0.8713603 0.9571096
89 C1 0.86698276 0.97657615
90 C1 0.8522973 0.96486026
91 C1 0.8493946 0.9602245
92 C1 0.8686954 0.9660274
93 C1 0.86201066 0.9630022
94 C1 0.8610734 0.98346776
95 C1 0.8534182 0.9617775
96 C1 0.8720112 0.9698969
97 C1 0.8663274 0.9648368
98 C1 0.87456226 0.95866567
99 C1 0.85702074 0.96837795
100 C1 0.8739772 0.9539803
