1 C3 0.8859185 0.9674753
2 C3 0.86722267 0.98034716
3 C3 0.87151635 0.9665664
4 C3 0.87188834 0.9820734
5 C3 0.84165275 0.9791168
6 C3 0.85176146 0.97954214
7 C3 0.8616039 0.9747716
8 C3 0.8589338 0.9684483
9 C3 0.85175526 0.98022157
10 C3 0.8482674 0.97826195
11 C3 0.87151253 0.97814846
12 C3 0.8687085 0.9767507
13 C3 0.8560214 0.9628893
14 C3 0.8569912 0.9820372
15 C3 0.8803352 0.9761545
16 C3 0.85906696 0.9758483
17 C3 0.87199765 0.97652787
18 C3 0.868491 0.9831125
19 C3 0.8807045 0.9744531
20 C3 0.84228545 0.9649397
21 C3 0.88556135 0.9780509
22 C3 0.886927 0.96854335
23 C3 0.8524562 0.971989
24 C3 0.8769924 0.97851133
25 C3 0.86122495 0.9844214
26 C3 0.8782133 0.9664625
27 C3 0.8618387 0.9842907
28 C3 0.8612442 0.96804696
29 C3 0.85111916 0.985297
30 C3 0.8734171 0.9724113
31 C3 0.86119145 0.9707797
32 C3 0.8559855 0.97580445
33 C3 0.87345016 0.97331345
34 C3 0.8689661 0.9850855
35 C3 0.8486511 0.9654001
36 C3 0.8620573 0.9618516
37 C3 0.87106085 0.9807965
38 C3 0.87282073 0.96550244
39 C3 0.8768195 0.96792567
40 C3 0.8613799 0.9815279
41 C3 0.8725092 0.9753302
42 C3 0.849861 0.96868104
43 C3 0.8689187 0.96862173
44 C3 0.8646439 0.9713825
45 C3 0.8631512 0.961301
46 C3 0.8813612 0.95096636
47 C3 0.8831731 0.977156
48 C3 0.85705215 0.968516
49 C3 0.859488 0.9755858
50 C3 0.87441826 0.9856823
51 C3 0.12630627 0.4863991
52 C3 0.13258058 0.37510687
53 C3 0.14079213 0.3779575
54 C3 0.12831154 0.43191084
55 C3 0.1378964 0.36106017
56 C3 0.13471383 0.43086442
57 C3 0.12812272 0.3884728
58 C3 0.13706726 0.37888795
59 C3 0.15409401 0.56017673
60 C3 0.134146 0.36267164
61 C3 0.161324 0.45319638
62 C3 0.13442744 0.3816803
63 C3 0.13432547 0.46629414
64 C3 0.11719694 0.40221325
65 C3 0.13703924 0.45446557
66 C3 0.13460796 0.41820893
67 C3 0.13094231 0.45755476
68 C3 0.13417655 0.30605513
69 C3 0.13652739 0.380812
70 C3 0.1330916 0.41880807
71 C3 0.13607268 0.38136652
72 C3 0.14288583 0.4810484
73 C3 0.13226183 0.46123013
74 C3 0.13135092 0.43390313
75 C3 0.14612135 0.33058053
76 C3 0.13167487 0.48010483
77 C3 0.12423867 0.45518407
78 C3 0.15197128 0.50786763
79 C3 0.14015496 0.36579552
80 C3 0.13356063 0.43659607
81 C3 0.13035813 0.4937238
82 C3 0.16109821 0.50360614
83 C3 0.12576725 0.45590147
84 C3 0.124960825 0.51715934
85 C3 0.1527454 0.47834954
86 C3 0.15264738 0.51864195
87 C3 0.1295464 0.51253045
88 C3 0.13405035 0.46767455
89 C3 0.1308244 0.38838953
90 C3 0.12833494 0.4258434
91 C3 0.122747265 0.4913208
92 C3 0.12845895 0.42737016
93 C3 0.13517146 0.36966762
94 C3 0.13262372 0.525151
95 C3 0.14428842 0.5679015
96 C3 0.15282801 0.48136145
97 C3 0.14191994 0.43421465
98 C3 0.1415103 0.49873942
99 C3 0.13111708 0.5248822
100 C3 0.13003822 0.42631134
