1 C5 0.4251178 0.674935
2 C5 0.5577043 0.8383056
3 C5 0.40400085 0.74633247
4 C5 0.5331093 0.82757235
5 C5 0.49746424 0.71759844
6 C5 0.49264437 0.7411811
7 C5 0.49441767 0.6652804
8 C5 0.4509613 0.69944596
9 C5 0.43740433 0.7604381
10 C5 0.39346695 0.5128829
11 C5 0.48870593 0.6643875
12 C5 0.42055392 0.6889693
13 C5 0.5917564 0.71649545
14 C5 0.43694323 0.62659967
15 C5 0.6143495 0.8108093
16 C5 0.4733665 0.5618688
17 C5 0.5301474 0.75507224
18 C5 0.5240346 0.73081845
19 C5 0.51705694 0.74450016
20 C5 0.553916 0.7496293
21 C5 0.5015058 0.606004
22 C5 0.44331798 0.7281723
23 C5 0.4770785 0.74681723
24 C5 0.44538587 0.6812073
25 C5 0.44639102 0.62924445
26 C5 0.4489859 0.6953969
27 C5 0.4440926 0.6843599
28 C5 0.5802727 0.7852739
29 C5 0.52737033 0.6635719
30 C5 0.4703706 0.7096092
31 C5 0.60336447 0.8166933
32 C5 0.40086564 0.64721006
33 C5 0.500742 0.74682605
34 C5 0.47716397 0.7098022
35 C5 0.49258262 0.63409394
36 C5 0.5829789 0.7661966
37 C5 0.48960614 0.71378034
38 C5 0.5514282 0.7625004
39 C5 0.6437716 0.8603789
40 C5 0.49459228 0.70498073
41 C5 0.5387652 0.74810916
42 C5 0.4521204 0.69374764
43 C5 0.5451408 0.7856003
44 C5 0.49951538 0.6860392
45 C5 0.48943081 0.6753744
46 C5 0.5194022 0.7155288
47 C5 0.4700532 0.72031957
48 C5 0.4996426 0.64597225
49 C5 0.6773545 0.83120173
50 C5 0.5176851 0.69676465
51 C5 0.6166143 0.822293
52 C5 0.47631264 0.7191965
53 C5 0.47740418 0.7032877
54 C5 0.57183135 0.777469
55 C5 0.50209993 0.66965234
56 C5 0.47215304 0.6904254
57 C5 0.5148538 0.72227734
58 C5 0.47307914 0.63773215
59 C5 0.60294807 0.7507006
60 C5 0.54844964 0.7443233
61 C5 0.5287506 0.6849414
62 C5 0.6290277 0.809806
63 C5 0.5468091 0.7374742
64 C5 0.43259278 0.6950944
65 C5 0.44030744 0.66063225
66 C5 0.36739558 0.6416743
67 C5 0.55089444 0.7472073
68 C5 0.5578314 0.70270175
69 C5 0.49044666 0.7033564
70 C5 0.45022273 0.71604526
71 C5 0.42199245 0.6635914
72 C5 0.44340628 0.6639894
73 C5 0.51200813 0.7310401
74 C5 0.45670742 0.6990589
75 C5 0.5982506 0.8292259
76 C5 0.517503 0.7163705
77 C5 0.49382868 0.66499054
78 C5 0.39079663 0.6284255
79 C5 0.46964112 0.62563235
80 C5 0.4784263 0.73021877
81 C5 0.5538665 0.6781429
82 C5 0.5698535 0.81839144
83 C5 0.63320476 0.7947613
84 C5 0.53096825 0.73448926
85 C5 0.4420088 0.70252264
86 C5 0.56238824 0.7955895
87 C5 0.5262335 0.8521355
88 C5 0.52395636 0.63722265
89 C5 0.51516885 0.76095927
90 C5 0.50317466 0.67036355
91 C5 0.556183 0.7024967
92 C5 0.38072658 0.64540243
93 C5 0.50589657 0.73603374
94 C5 0.4805406 0.6633002
95 C5 0.4285716 0.7548486
96 C5 0.5970426 0.7424289
97 C5 0.62964535 0.78382134
98 C5 0.3868452 0.6342716
99 C5 0.4776555 0.76208967
100 C5 0.4103972 0.6641523
